A_salary = 25000, 50000, 50000, 50000, 50000, 50000, 50000, 50000, 50000, 75000
A_role = 0, 1, 2, 2, 3, 4, 5, 6, 7, 2
A_gender = 3, 2, 0, 0, 0, 0, 1, 1, 1, 1
A_ethnicity = 5, 5, 0, 0, 0, 4, 4, 4, 7, 1
A_experience = 0, 1, 2, 3, 4, 5, 6, 7, 8, 9
B_salary = 25000, 50000, 50000, 50000, 50000, 50000, 50000, 50000, 50000, 75000, 100000, 100000, 100000, 100000, 100000
B_role = 0, 1, 2, 2, 3, 4, 5, 6, 7, 2, 2, 2, 2, 2, 2
B_gender = 3, 2, 0, 0, 0, 0, 1, 1, 1, 1, 1, 1, 1, 1, 1
B_ethnicity = 5, 5, 0, 0, 0, 4, 4, 4, 7, 1, 0, 0, 0, 0, 0
B_experience = 0, 1, 2, 3, 4, 5, 6, 7, 8, 9, 5, 5, 5, 5, 5
C_salary = 25000, 50000, 50000, 50000, 50000, 50000, 50000, 50000, 50000, 75000, 100000, 100000, 100000, 100000, 100000
C_role = 0, 1, 2, 2, 3, 4, 5, 6, 7, 2, 2, 2, 2, 2, 2
C_gender = 3, 2, 0, 0, 0, 0, 1, 1, 1, 1, 1, 1, 1, 1, 1
C_ethnicity = 5, 5, 0, 0, 0, 4, 4, 4, 7, 1, 0, 0, 0, 0, 0
C_experience = 0, 1, 2, 3, 4, 5, 6, 7, 8, 9, 5, 5, 5, 5, 5

